0.05 445.4343 59235.7597 312.8092
.051 236.4868 25729.2189 535.9175
.052 571.0591 26686.8295 125.9085
.053 3835.7868 22746.2869 1511.7761
.054 423.7415 24393.4149 112.9983
.055 252.0954 35061.7101 154.1110
.056 154.6313 27279.5508 133.7687
.057 262.3879 -nan 269.0266
.058 636.3911 25004.7511 282.6664
.059 381.1457 77839.7362 102.8416
.060 273.0713 38522.7097 240.0525
.061 543.2983 18492.5017 151.2343
.062 344.8566 35178.7321 82.9855
.063 192.4812 32418.7884 275.6171
.064 399.1549 5790.2849 148.4439
.065 419.4383 5667.3221 205.5418
.066 304.2445 75361.2596 3419.3825
.067 126.8195 24035.8396 199.1245
.068 472.9580 44798.4429 230.1582
.069 334.5630 27684.8917 293.6215
.070 393.2632 21120.2946 255.0036
.071 309.8121 23471.2037 790.4152
.072 256.6122 26676.8501 127.4627
.073 567.2219 23451.3446 147.7993
.074 240.5479 45526.4583 230.7921
.075 404.2652 13185.9172 202.8788
.076 978.6561 25551.3477 438.1966
.077 206.5100 33455.3514 255.9451
.078 591.4353 12575.2961 144.2048
.079 440.9255 14435.8507 225.0837
.080 1014.6550 58154.0539 198.5195
.081 219.8116 22040.0995 528.2225
.082 412.5408 18852.9340 185.3589
.083 648.8064 20859.3018 128.5297
.084 181.0273 13090.8446 104.7454
.085 339.1535 24060.8610 98.6566
.086 209.0883 15627.6496 232.2543
.087 663.7512 19246.1852 207.9658
.088 664.8914 19147.5002 189.8656
.089 642.4626 70853.3957 149.3273
.090 1121.5361 49771.3422 172.9761
.091 985.9418 28837.9685 609.5920
.092 343.5792 38974.2788 258.3454
.093 446.4954 31977.4030 909.3592
.094 419.5673 69652.5917 223.5683
.095 663.5622 36755.5060 160.2993
.096 458.3688 22524.0510 183.1203
.097 848.1472 40938.4829 291.8648
.098 781.2674 22243.6084 942.6548
.099 15559.5572 21701.0246 257.6592
.100 639.4350 7249.8339 182.1349
.101 868.3374 31133.9472 175.5150
.102 985.1091 30427.3717 198.9607
.103 349.7347 12262.4572 113.3959
.104 248.2541 47733.0389 847.0140
.105 485.1265 14803.3647 119.3489
.106 880.6624 21703.1432 334.7495
.107 1373.4154 18996.1058 99.7047
.108 609.1358 5188.6813 1436.9427
.109 791.8573 33311.5400 116.4877
.110 1372.5369 23836.4658 218.3561
.111 340.5365 5965.2921 163.3811
.112 783.9530 34236.6609 319.7899
.113 797.7042 46335.0487 272.8090
.114 734.6342 6672.1284 114.0639
.115 359.0416 31238.2199 256.6783
.116 320.6332 42330.2886 175.0338
.117 506.1166 33358.2335 179.3155
.118 704.7483 13376.7428 583.1327
.119 633.5446 41076.1363 232.9078
.120 527.4477 62943.6609 90.6213
.121 615.3047 38328.1530 62.8406
.122 366.7466 17222.5419 149.4052
.123 447.8378 9310.0342 400.0136
.124 300.4253 17589.5424 352.4691
.125 972.7558 26411.2595 114.0209
.126 1079.4116 32814.1116 376.1520
.127 311.8386 39579.4509 155.1712
.128 892.5388 41657.7305 134.0758
.129 666.9894 34476.0753 251.2977
.130 1208.0080 22139.3658 364.2640
.131 460.4907 16014.1850 611.5292
.132 892.4065 26426.2008 1387.8964
.133 409.3593 17874.1449 346.6906
.134 347.2182 2686.0918 184.8777
.135 270.5735 15750.7482 69.8577
.136 941.6614 62621.1270 183.4957
.137 795.7903 17634.5137 255.3386
.138 535.6866 20220.2629 141.2757
.139 462.3044 23654.8733 226.7955
.140 347.5387 16590.2432 146.1549
.141 1749.4278 23879.2096 652.9441
.142 193.5263 14661.1849 185.6171
.143 942.5708 32304.8349 236.0467
.144 1279.7085 40371.6821 235.5618
.145 273.2294 39803.1390 104.7278
.146 463.6039 14542.2667 145.2343
.147 529.5579 23565.7676 219.4839
.148 2599.9643 16907.6920 345.9254
.149 775.7223 39902.1064 116.8278
.150 301.9152 20234.9789 158.0976
