0.05 1.1956 0.0090 1.6169
.051 2.2390 0.0207 0.9591
.052 0.9316 0.0199 4.1118
.053 0.1387 0.0234 0.3393
.054 1.2555 0.0218 4.7335
.055 2.1117 0.0152 3.3408
.056 3.4488 0.0195 3.8321
.057 2.0275 -nan 1.9155
.058 0.8360 0.0213 1.8156
.059 1.3958 0.0068 5.0602
.060 1.9482 0.0138 2.1567
.061 0.9792 0.0288 3.4712
.062 1.5376 0.0151 6.2141
.063 2.7569 0.0164 1.8738
.064 1.3359 0.0919 3.4644
.065 1.2583 0.0943 2.5188
.066 1.7500 0.0071 0.1499
.067 4.2076 0.0221 2.5911
.068 1.1177 0.0119 2.2650
.069 1.5800 0.0192 1.7449
.070 1.3528 0.0252 1.9945
.071 1.7223 0.0227 0.6438
.072 2.0766 0.0199 4.0620
.073 0.9379 0.0227 3.5060
.074 2.2116 0.0117 2.2292
.075 1.3160 0.0403 2.5141
.076 0.5436 0.0208 1.1735
.077 2.5824 0.0159 1.9936
.078 0.8995 0.0423 3.6767
.079 1.2091 0.0369 2.2720
.080 0.5243 0.0091 2.5797
.081 2.4203 0.0241 0.9513
.082 1.2953 0.0282 2.7791
.083 0.8200 0.0255 4.0396
.084 2.9113 0.0407 4.8912
.085 1.5686 0.0221 5.3424
.086 2.5479 0.0341 2.2317
.087 0.8015 0.0277 2.4555
.088 0.8010 0.0278 2.7219
.089 0.8288 0.0075 3.4838
.090 0.4712 0.0107 2.9931
.091 0.5401 0.0184 0.8427
.092 1.5531 0.0137 1.9821
.093 1.1945 0.0166 0.5645
.094 1.2702 0.0076 2.3093
.095 0.8024 0.0145 3.2918
.096 1.1617 0.0236 2.8397
.097 0.6279 0.0130 1.7454
.098 0.6822 0.0239 0.5440
.099 0.0342 0.0245 1.9927
.100 0.8336 0.0734 2.8307
.101 0.6145 0.0171 2.9867
.102 0.5411 0.0175 2.5183
.103 1.5237 0.0434 4.5881
.104 2.1399 0.0111 0.6052
.105 1.1031 0.0359 4.4661
.106 0.5778 0.0245 1.5384
.107 0.3874 0.0280 5.1338
.108 0.8794 0.1026 0.3542
.109 0.6635 0.0160 4.4891
.110 0.3716 0.0224 2.3700
.111 1.5668 0.0893 3.1338
.112 0.6793 0.0155 1.6369
.113 0.6677 0.0115 1.8788
.114 0.7130 0.0799 4.6373
.115 1.4821 0.0170 2.0026
.116 1.6592 0.0126 2.9644
.117 1.0514 0.0159 2.9586
.118 0.7549 0.0398 0.8524
.119 0.8302 0.0130 2.1780
.120 1.0104 0.0085 5.7116
.121 0.8618 0.0139 8.4146
.122 1.4506 0.0309 3.4321
.123 1.1938 0.0571 1.2779
.124 1.7755 0.0303 1.4652
.125 0.5469 0.0201 4.5050
.126 0.4944 0.0162 1.3309
.127 1.6887 0.0134 3.3505
.128 0.5961 0.0128 3.8746
.129 0.7882 0.0154 2.0447
.130 0.4423 0.0240 1.4019
.131 1.1576 0.0332 0.8391
.132 0.5921 0.0201 0.3689
.133 1.3010 0.0298 1.4730
.134 1.5345 0.2005 2.8044
.135 1.9543 0.0338 7.8123
.136 0.5673 0.0085 2.7992
.137 0.6525 0.0302 1.9855
.138 0.9957 0.0263 3.6087
.139 1.1508 0.0225 2.3000
.140 1.5438 0.0321 3.5272
.141 0.3047 0.0223 0.7638
.142 2.7421 0.0363 2.7602
.143 0.5650 0.0165 2.1490
.144 0.4174 0.0132 2.2178
.145 1.9350 0.0134 4.9088
.146 1.1525 0.0366 3.5484
.147 1.0021 0.0226 2.3019
.148 0.2046 0.0315 1.4817
.149 0.6898 0.0133 4.2757
.150 1.7693 0.0263 3.2040
