0.05 99.6162 99.8580 99.6396
.051 99.5840 99.8432 99.6497
.052 99.6278 99.8824 99.6531
.053 99.5182 99.8580 99.8019
.054 99.4330 99.8476 98.7445
.055 99.6926 99.8857 98.4117
.056 99.7585 99.8753 99.7946
.057 99.8065 99.9364 99.1608
.058 99.7419 99.8798 99.7638
.059 99.5545 99.9048 99.5301
.060 97.7811 99.8791 95.2804
.061 99.7848 99.9036 99.3322
.062 99.3396 99.8529 99.8062
.063 99.5493 99.8701 99.6494
.064 99.7862 99.8742 99.7371
.065 99.4822 99.9058 99.6159
.066 99.5800 99.8982 96.5673
.067 99.7955 99.8625 99.6171
.068 99.5255 99.8973 99.5395
.069 99.7155 99.7987 99.6598
.070 99.7891 99.8343 98.6920
.071 99.7251 99.8581 99.7120
.072 99.5190 99.8766 99.6995
.073 99.7964 99.8253 99.5452
.074 99.7301 99.8913 99.7783
.075 99.8416 99.8370 99.7678
.076 99.8209 99.8032 99.7719
.077 98.5078 99.8732 98.5349
.078 99.7306 99.8763 99.5104
.079 99.7698 99.8658 99.5905
.080 99.5354 99.8827 99.7528
.081 99.8358 99.8558 99.6445
.082 99.5469 99.8928 99.7091
.083 99.7237 99.8362 99.3858
.084 99.5849 99.8916 99.5912
.085 99.7010 99.8822 99.2740
.086 99.7046 99.8687 99.2438
.087 99.6076 99.8655 99.6499
.088 99.7917 99.8350 99.4970
.089 99.5786 99.9100 99.3965
.090 99.7035 99.8541 99.7797
.091 99.6236 99.8805 99.7929
.092 98.6045 99.8353 99.8382
.093 99.7146 99.8640 99.6948
.094 99.8296 99.9071 98.6347
.095 99.6735 99.8827 99.5231
.096 99.7386 99.8286 99.6316
.097 99.7295 99.8848 99.7610
.098 99.7427 99.8843 99.7030
.099 99.8692 99.8773 99.7799
.100 99.7215 99.7725 99.3965
.101 99.8094 99.8046 99.6665
.102 99.7813 99.8743 98.8298
.103 99.6344 99.8929 99.4589
.104 99.5260 99.8893 99.7637
.105 99.8621 99.8055 99.5023
.106 99.6966 99.7911 99.4735
.107 99.8998 99.8846 99.5577
.108 99.5890 99.8633 99.6456
.109 99.4051 99.8583 98.6078
.110 99.8058 99.9095 99.6275
.111 99.5204 99.8343 99.8962
.112 99.6972 99.8668 99.5140
.113 99.6227 99.8610 99.6010
.114 99.6873 99.8382 98.2809
.115 99.6347 99.8663 99.6635
.116 99.8229 99.8564 99.5932
.117 99.5996 99.8485 98.7092
.118 99.7524 99.8208 99.5795
.119 99.8305 99.8615 99.4979
.120 99.6211 99.9027 99.8182
.121 99.5766 99.8298 99.6666
.122 99.8312 99.8384 99.4010
.123 99.7689 99.8819 99.6561
.124 99.7502 99.8483 99.4733
.125 99.7977 99.8632 99.5009
.126 99.7757 99.8851 98.7577
.127 99.5748 99.8555 98.2071
.128 99.8237 99.8931 99.4166
.129 99.7491 99.8890 99.7487
.130 99.6731 99.8285 98.8532
.131 99.7732 99.7824 99.7613
.132 99.6243 99.8590 99.8898
.133 99.7134 99.8880 99.6017
.134 99.7353 99.8884 99.3033
.135 99.6562 99.8550 99.2637
.136 99.6683 99.8076 99.4268
.137 99.5491 99.9067 99.7240
.138 99.7655 99.8166 99.7998
.139 99.4830 99.8184 99.4065
.140 99.7416 99.8607 99.5813
.141 99.6864 99.8648 99.5509
.142 99.7408 99.8465 99.6504
.143 98.5230 99.8576 99.6425
.144 99.6411 99.8439 97.4944
.145 99.5974 99.8906 99.5351
.146 99.7472 99.9049 99.5596
.147 99.5831 99.8627 99.6846
.148 99.8810 99.8684 99.4235
.149 99.7716 99.8537 99.6496
.150 99.7921 99.9367 99.6394
