0.05 1957.9239 5.4609 2878.9402
.051 3171.0824 13.3517 1770.7028
.052 1509.5529 7.2528 5159.9791
.053 223.0424 15.3145 519.5335
.054 1971.2479 19.3021 5460.5093
.055 3030.6729 8.8366 4640.7722
.056 4015.1075 5.5151 4619.9888
.057 2296.1835 -nan 3102.7172
.058 1377.0113 13.9123 1610.5179
.059 2123.5376 2.0267 6106.7570
.060 2996.8122 12.3440 3350.7590
.061 1691.9842 4.8033 4813.1816
.062 2417.8955 12.0840 7050.6262
.063 4084.6979 16.0630 3436.7053
.064 909.0882 26.7792 4632.9462
.065 1850.3454 27.9614 3658.6259
.066 2798.9826 2.3884 248.7609
.067 3801.4406 15.4896 4071.4190
.068 1812.5911 5.8648 3640.3952
.069 2542.0270 14.7955 2588.0753
.070 2051.7788 26.1493 3238.3493
.071 2109.3429 24.1932 954.5945
.072 2757.5500 7.5364 4566.2337
.073 1452.7084 18.7645 4387.2237
.074 2266.2618 8.8973 1818.7866
.075 2124.1576 47.9155 2685.7248
.076 868.9735 15.8265 1994.5720
.077 2824.0385 9.6814 3404.3565
.078 1492.6624 0.0000 5227.8090
.079 1999.9286 15.5055 3901.3951
.080 417.0001 5.4595 3325.8090
.081 1781.1343 13.9603 1762.1387
.082 1598.0220 10.8090 4428.0177
.083 1448.1485 30.7229 3475.9716
.084 2947.9315 17.1655 6266.2327
.085 2789.7451 10.5323 7162.9644
.086 3465.6851 35.5530 2962.9825
.087 1370.1907 30.2279 2933.1843
.088 1473.5083 14.4588 3664.8776
.089 1213.9398 3.1137 5184.0316
.090 845.2406 6.6580 4833.8038
.091 774.9047 6.5179 1655.1252
.092 2187.6560 11.7333 2934.1493
.093 1827.2110 10.5986 1020.4369
.094 2026.8424 3.1480 1933.0234
.095 1339.1501 5.1453 5639.6429
.096 2062.4302 11.0501 2561.5646
.097 1166.9141 10.5911 3114.5572
.098 1020.0519 14.2488 283.5167
.099 16.0667 12.3882 3371.4547
.100 1527.3495 125.3928 4569.0595
.101 352.6916 13.2110 3017.2524
.102 1014.8275 11.7678 1253.4782
.103 1900.2811 19.9740 4860.4387
.104 2917.2688 6.0739 1102.2691
.105 1683.2800 34.4446 4441.3958
.106 1020.6714 18.6840 2294.1205
.107 373.3539 12.6313 7626.8112
.108 1164.0665 25.8670 270.0889
.109 995.5467 15.9227 6132.5540
.110 459.7698 5.2400 3652.0297
.111 2680.0501 143.0917 456.4325
.112 1184.5484 13.7064 2065.2269
.113 1166.9383 6.6480 2912.5740
.114 721.7749 48.0051 5005.7582
.115 2247.2514 12.2640 2623.4603
.116 1399.8165 9.7735 3580.7930
.117 1833.8527 10.4663 765.5776
.118 904.6239 25.7840 1592.3372
.119 1552.0740 8.8919 3184.2658
.120 1107.8095 3.2334 3962.5495
.121 1422.7705 10.5450 3517.9862
.122 2098.1367 14.3676 4617.6617
.123 1368.9722 13.2305 1741.5986
.124 2682.7256 19.5495 2309.7992
.125 945.9690 11.3291 5226.3603
.126 896.9596 9.0706 2413.8219
.127 2889.8333 8.3060 5002.9046
.128 952.4497 6.7991 5577.6676
.129 1401.3941 11.7086 3526.0325
.130 758.3302 16.2134 2096.3972
.131 939.1237 30.9693 243.3365
.132 961.5790 12.9833 208.7851
.133 1945.6993 10.0105 2526.5410
.134 2309.8553 86.7337 4464.1241
.135 2548.7862 21.5479 6181.0478
.136 832.8079 4.2974 4718.0934
.137 1172.7304 9.4987 2185.2774
.138 1563.0193 22.0012 3716.0426
.139 855.5546 21.9786 2934.5687
.140 1162.1971 15.6828 5288.3275
.141 532.5219 11.3435 1259.1656
.142 2871.5816 17.5499 1729.8014
.143 906.0910 13.8015 3452.0053
.144 621.4331 9.7066 2849.9667
.145 2441.1241 10.8665 5721.1948
.146 1054.3385 26.1881 5098.2103
.147 1410.9567 21.3819 3722.1207
.148 331.7974 19.9096 2122.2698
.149 1239.3381 11.4756 6763.4537
.150 2299.0199 5.4714 2469.1336
