0.05 4.8631 4.6810 8.6251
.051 4.3100 5.0437 8.8459
.052 4.3758 4.7977 9.0217
.053 4.4526 5.5179 13.8290
.054 4.7682 4.5413 16.3891
.055 4.8458 5.2036 8.5402
.056 4.8335 4.5569 13.5590
.057 4.8471 4.0929 8.0830
.058 4.4869 5.0219 15.2234
.059 4.9416 5.1580 9.6936
.060 5.1291 5.0660 7.0081
.061 4.7856 4.3745 6.8947
.062 5.0711 4.3651 14.3761
.063 4.2401 4.0089 11.0825
.064 5.0855 5.1885 12.2345
.065 4.3570 5.7193 10.0337
.066 3.9769 4.9841 8.4469
.067 4.2616 5.1121 11.7842
.068 4.2479 4.5927 8.0677
.069 3.9926 4.6120 9.6298
.070 4.6723 4.8723 12.5108
.071 4.4502 4.5756 10.8716
.072 4.5507 5.1008 8.8438
.073 4.4943 5.2625 14.5556
.074 4.6410 5.7712 11.6393
.075 5.1285 5.0863 10.3097
.076 5.2200 4.2724 16.3771
.077 5.4672 4.8506 10.1668
.078 4.2468 5.8612 10.3133
.079 5.4075 4.6114 7.6845
.080 5.4208 4.1471 9.6868
.081 4.7193 4.6337 11.2065
.082 4.7633 4.5877 9.0247
.083 4.7603 4.9080 7.0932
.084 4.1846 5.3338 10.0435
.085 4.1587 4.5297 7.6015
.086 4.5052 3.6276 6.7726
.087 4.8339 4.3944 7.6503
.088 4.9294 5.0877 9.8705
.089 4.3756 4.2874 5.5279
.090 4.4090 3.5467 13.6030
.091 4.3286 5.1356 10.2552
.092 5.2703 4.4725 14.2638
.093 4.2360 4.6464 8.0559
.094 4.5879 5.5405 9.0004
.095 4.4892 4.7469 7.6800
.096 4.3169 4.6630 11.1180
.097 4.6801 4.1447 11.3130
.098 5.0798 6.1438 15.6106
.099 4.6825 4.7263 14.0242
.100 4.0812 4.5873 6.8930
.101 5.1250 3.9655 12.5197
.102 4.8957 4.2683 19.8075
.103 4.4532 4.8619 8.4244
.104 4.3971 5.0925 12.4688
.105 5.0169 3.8266 7.3326
.106 4.0166 4.3511 7.0467
.107 5.6333 4.5088 7.7502
.108 4.5137 5.6078 7.3252
.109 3.8116 4.1270 6.8410
.110 4.2352 6.7846 7.6437
.111 5.3995 4.7229 27.0789
.112 4.5929 4.3658 9.2333
.113 4.6763 4.3899 11.1495
.114 4.5431 4.2656 6.7372
.115 4.7395 5.6492 8.6472
.116 5.4685 4.5342 11.1238
.117 4.0095 4.5275 13.5678
.118 4.5330 4.8675 7.3491
.119 4.5966 3.8665 9.2443
.120 4.1893 5.2202 17.7699
.121 3.9981 4.0272 17.6836
.122 4.4135 4.7963 6.8305
.123 4.9252 5.4915 7.9655
.124 4.3225 5.0349 8.6214
.125 5.1616 4.9463 7.8683
.126 4.1305 4.6968 10.4039
.127 4.7418 4.4347 6.1162
.128 4.6530 5.0698 7.1598
.129 4.3030 4.7514 10.6336
.130 5.0302 4.3126 15.5765
.131 4.1455 4.3297 10.3854
.132 3.9110 5.1211 15.9659
.133 4.3630 4.8352 9.9770
.134 4.5096 5.0173 7.2814
.135 4.6030 4.5877 6.6614
.136 4.0033 5.2945 5.6733
.137 4.5819 4.8688 9.2877
.138 4.7092 4.3859 13.3152
.139 4.0834 4.2612 8.3650
.140 4.1512 4.6200 8.6310
.141 5.0415 4.6182 6.2156
.142 3.8595 4.2886 8.9925
.143 4.1460 4.4106 8.9893
.144 3.6925 3.7677 8.0930
.145 3.7021 3.9869 6.8486
.146 4.1926 5.4559 5.7479
.147 4.1621 4.9263 7.6093
.148 4.2584 5.1004 6.7252
.149 4.1778 4.1962 8.1388
.150 4.8473 4.5949 7.5352
