0.05 1.8706 1.9994 1.4229
.051 1.8041 1.8794 1.4267
.052 1.7723 1.4891 1.3989
.053 1.6484 1.8194 1.8233
.054 1.7474 1.7885 1.9130
.055 2.0845 1.8700 1.4737
.056 1.9841 1.6402 1.6574
.057 1.8866 1.9673 1.3670
.058 1.5698 1.8921 1.6710
.059 1.9706 2.1189 1.3829
.060 1.9583 1.9077 1.2660
.061 1.7743 1.6094 1.3210
.062 1.8871 1.7117 1.6664
.063 1.5170 1.5793 1.6237
.064 2.2595 1.6975 1.5117
.065 1.7667 2.2092 1.5241
.066 1.6442 2.1724 1.4600
.067 1.6211 1.7938 1.5977
.068 1.4424 1.7626 1.3570
.069 1.5099 1.6992 1.4264
.070 1.6110 1.7303 1.5351
.071 1.5484 1.6425 1.6479
.072 1.7882 1.9398 1.2962
.073 1.9141 1.7404 1.6482
.074 1.9805 2.1630 1.5767
.075 1.9724 1.8504 1.4562
.076 1.9723 1.5199 1.7701
.077 2.0036 1.6579 1.4771
.078 1.6589 2.0070 1.5069
.079 2.2460 1.6302 1.4491
.080 2.1368 1.6603 1.5974
.081 1.8156 1.6069 1.5168
.082 1.7902 1.8129 1.4317
.083 1.8176 1.7947 1.2072
.084 1.6052 2.0542 1.4542
.085 1.3681 1.5064 1.2776
.086 1.9740 1.1652 1.2270
.087 1.5193 1.5296 1.2920
.088 1.9915 1.8102 1.2952
.089 1.5434 1.6705 1.1365
.090 1.7154 1.3658 1.6346
.091 1.6029 1.8263 1.6792
.092 2.1154 1.6067 1.7672
.093 1.8278 1.6585 1.3837
.094 1.3678 2.3999 1.3879
.095 1.5705 1.7470 1.2638
.096 1.6520 1.5157 1.5012
.097 1.8806 1.4151 1.6545
.098 2.0221 2.3071 1.6585
.099 1.8071 1.6494 1.7025
.100 1.4300 1.4179 1.2107
.101 1.7148 1.4749 1.6089
.102 1.8816 1.6900 1.6711
.103 1.6434 1.8333 1.3246
.104 1.6952 1.8819 1.5646
.105 1.9325 1.1779 1.1883
.106 1.5736 1.4890 1.2907
.107 2.0049 1.7936 1.3142
.108 1.6612 1.9677 1.3163
.109 1.4431 1.4343 1.3498
.110 1.7818 2.7905 1.1776
.111 1.8431 1.5949 2.1141
.112 1.6108 1.6273 1.2931
.113 1.6935 1.7458 1.3030
.114 1.5505 1.4657 1.2428
.115 1.9414 2.1119 1.4070
.116 2.2075 1.6942 1.4518
.117 1.5835 1.5830 1.7563
.118 1.9056 1.6067 1.3099
.119 1.7552 1.5014 1.2924
.120 1.6866 2.1502 1.6458
.121 1.4770 1.4813 1.7231
.122 1.9407 1.6091 1.2081
.123 2.0854 2.0450 1.2814
.124 1.5179 1.7781 1.2586
.125 1.8140 1.8855 1.1895
.126 1.6842 1.6679 1.5047
.127 1.7519 1.7171 1.1984
.128 1.5849 1.9019 1.2258
.129 1.5169 1.7146 1.3253
.130 1.8623 1.3969 1.8029
.131 1.7429 1.4336 1.4805
.132 1.5789 1.7358 1.9922
.133 1.7115 1.6565 1.3482
.134 1.7275 1.6917 1.1976
.135 1.9462 1.6013 1.1867
.136 1.5911 1.3285 1.1364
.137 1.7722 1.8669 1.3077
.138 1.8203 1.4613 1.3854
.139 1.6852 1.3987 1.2328
.140 1.9058 1.5625 1.3600
.141 1.9073 1.7124 1.2208
.142 1.5523 1.5193 1.2635
.143 1.7714 1.7314 1.3384
.144 1.4537 1.3408 1.2618
.145 1.4285 1.3859 1.1542
.146 1.5878 2.1490 1.2730
.147 1.5062 1.6855 1.1917
.148 1.7155 1.6243 1.1761
.149 1.4923 1.5131 1.2256
.150 2.1975 2.0520 1.2437
