0.05 954.5693 464.6508 1095.2781
.051 1049.4861 447.1690 957.1115
.052 1021.2207 337.1422 1063.2014
.053 1086.0405 391.9331 699.3218
.054 1405.3977 437.0044 828.6663
.055 872.2041 342.3142 1932.5896
.056 645.3448 366.3402 650.3898
.057 538.7501 187.8133 2328.7442
.058 696.6805 354.4472 733.2217
.059 1106.4021 296.5459 1363.7165
.060 585.8004 331.7437 1953.6912
.061 550.3436 292.7087 1575.7831
.062 1507.6534 396.7606 624.8681
.063 1130.0178 351.9207 1041.6522
.064 479.1538 360.9698 791.7126
.065 1328.0925 303.7341 1017.5394
.066 1033.9699 326.1318 1098.3932
.067 542.9657 369.7899 1186.9893
.068 1268.8836 309.4783 1410.4519
.069 802.7857 503.1347 992.0243
.070 599.0356 458.5014 883.3358
.071 675.5859 431.7351 793.7058
.072 1278.4634 360.6487 795.8725
.073 528.3442 442.1461 1542.3008
.074 709.5333 341.6010 724.8655
.075 472.3343 446.8718 767.1512
.076 461.3137 526.6943 608.6431
.077 1187.3241 403.9398 1389.4863
.078 685.0227 393.9653 1477.3508
.079 585.1036 373.5624 1066.8713
.080 1030.1222 364.2831 807.1106
.081 446.3094 378.9458 1106.2567
.082 1048.8696 315.0774 882.6212
.083 747.8138 421.2116 1585.4524
.084 1095.1045 313.0542 1178.6125
.085 692.3865 326.3159 2126.8060
