0.5 0.2835 0.0542 1.3598
.51 0.2971 0.0351 3.0817
.52 0.4532 0.0429 2.8024
.53 0.5166 0.0193 1.8295
.54 1.1785 0.0223 0.0488
.55 0.8755 0.0239 3.8324
.56 0.3646 0.0728 1.3246
.57 0.3592 0.0460 3.5605
.58 1.2225 0.0317 4.9671
.59 0.5228 0.0355 3.0055
.60 0.2483 0.0435 0.3188
.61 0.7733 0.0449 8.3067
.62 0.1683 0.0280 1.7252
.63 1.1449 0.0231 3.2170
.64 2.0592 0.0401 1.8683
.65 0.2998 0.0244 0.6039
.66 0.6869 0.0138 3.5621
.67 0.7129 0.0159 1.6858
.68 1.2606 0.0308 3.9619
.69 1.2167 0.0328 9.8651
.70 3.6797 5.2622 0.1760
.71 0.7735 0.0447 3.6541
.72 0.1815 0.0454 0.3361
.73 0.8689 0.0763 4.5366
.74 0.0646 0.0268 2.1805
.75 0.9230 0.0131 1.9491
.76 0.2152 0.0363 4.8998
.77 0.8192 0.0258 5.6406
.78 0.3363 0.0326 8.6302
.79 0.1733 0.0373 3.7374
.80 1.3954 0.0149 4.8259
