0.5 99.7051 99.8058 99.5880
.51 99.7464 99.8805 99.6739
.52 99.8618 99.8798 99.6872
.53 99.6898 99.8370 99.6417
.54 98.8009 99.8616 99.8929
.55 99.8605 99.8754 98.5035
.56 99.8044 99.8617 99.7351
.57 99.8444 99.8536 99.4664
.58 99.7802 99.8760 99.1209
.59 99.6247 99.8413 95.5583
.60 98.8107 99.8325 99.7592
.61 99.8126 99.7918 99.5718
.62 99.8475 99.8360 99.8377
.63 99.8535 99.8568 99.4919
.64 99.8753 99.8610 99.6269
.65 99.8061 99.8756 94.9225
.66 99.8143 99.8931 98.5604
.67 99.8583 99.8851 99.6325
.68 99.8162 99.8658 97.5659
.69 99.8664 99.7478 99.6611
.70 99.8999 99.9096 95.8695
.71 99.8587 99.8022 97.7202
.72 99.8634 99.8321 99.8773
.73 99.8639 99.8787 99.7981
.74 99.8497 99.7827 99.8475
.75 99.8320 99.8815 96.5640
.76 98.7965 99.8709 99.6747
.77 99.8207 99.8606 98.6811
.78 99.8559 99.8423 98.4527
.79 99.8557 99.8792 99.6031
.80 99.8737 99.8757 99.2469
