0.5 476.7177 39.2339 1863.2795
.51 477.4935 21.9987 1750.5929
.52 643.2893 24.2374 1655.7719
.53 807.1919 21.2849 3144.7959
.54 1001.3003 28.1938 50.4008
.55 263.3335 20.2122 5958.6379
.56 648.9729 49.3025 1924.1373
.57 237.3780 29.5356 4729.3282
.58 1035.5234 38.2046 5779.1660
.59 689.8023 44.6172 3097.6363
.60 467.7801 41.7783 456.5847
.61 1106.3910 55.7540 3139.4522
.62 231.6254 30.2031 770.1007
.63 277.0481 28.0623 2666.2521
.64 578.4252 34.1250 2561.4620
.65 457.9249 22.3875 207.1439
.66 756.5301 13.8254 4382.3878
.67 344.9996 15.3691 2322.3288
.68 1834.8808 32.3459 5025.8037
.69 1403.3587 36.7133 3017.1025
.70 909.3020 17.5692 281.6672
.71 1412.8526 43.0871 4756.8655
.72 217.0719 42.9725 523.4950
.73 1155.9400 51.2766 3395.0370
.74 93.4387 33.5553 2154.2435
.75 1093.9971 13.8984 2726.5493
.76 313.8205 34.8102 2939.0941
.77 911.2748 26.5887 4583.2653
.78 542.6725 37.0443 4273.6404
.79 186.3563 19.3105 3586.5542
.80 1019.9712 16.5666 5749.9118
