0.5 3.8651 5.1349 7.5580
.51 4.2205 4.7129 9.3461
.52 3.4406 5.1137 10.4625
.53 3.8331 4.5908 7.4067
.54 4.2838 4.3946 14.7544
.55 4.6958 4.4209 6.0739
.56 4.3544 4.4582 10.7772
.57 3.6674 6.0205 6.2397
.58 4.0868 4.3962 5.3824
.59 4.1249 4.4011 4.9865
.60 5.9473 5.1885 7.6780
.61 3.8175 3.9143 6.7117
.62 3.7819 4.3236 11.4028
.63 4.0840 4.4784 6.3422
.64 4.4750 4.4205 5.9005
.65 4.0082 4.6335 9.1535
.66 4.5028 4.0558 5.7613
.67 3.8518 4.2759 5.2563
.68 3.9134 4.0909 7.1676
.69 4.7402 3.8463 6.8288
.70 4.7839 4.8912 10.5807
.71 3.8420 4.2451 5.2709
.72 3.9340 3.9330 7.5762
.73 4.1493 4.4744 10.5691
.74 3.4250 2.8025 11.9356
.75 5.5081 4.4592 9.3441
.76 4.4797 4.2357 5.1141
.77 4.7822 4.2810 5.2257
.78 4.2518 4.1205 3.7185
.79 4.3668 4.6775 5.0938
.80 4.1057 4.0120 3.9189
