0.5 1.8202 1.5906 1.2307
.51 1.9924 1.6241 1.2587
.52 1.6195 1.6602 1.3766
.53 1.6109 1.6708 1.2106
.54 2.1573 1.5215 1.5632
.55 1.9447 1.5644 1.1712
.56 2.1149 1.4132 1.3851
.57 1.8949 2.2487 1.2055
.58 1.7653 1.5309 1.1327
.59 1.8757 1.5142 1.0935
.60 2.6660 1.7466 1.2240
.61 1.7227 1.3186 1.2056
.62 1.8171 1.4238 1.5998
.63 2.1635 1.4296 1.1716
.64 1.8860 1.5891 1.2035
.65 1.8711 1.7119 1.2624
.66 2.0387 1.4579 1.1332
.67 1.9207 1.6419 1.1262
.68 1.9107 1.3399 1.1754
.69 2.3757 1.2228 1.1917
.70 2.2416 1.6943 1.6519
.71 2.1787 1.4658 1.1334
.72 2.0087 1.1856 1.3251
.73 1.8583 1.6089 1.6869
.74 1.5173 0.9831 1.5872
.75 2.6347 1.6102 1.5510
.76 2.2873 1.3566 1.1257
.77 2.5554 1.2828 1.1391
.78 2.0815 1.3586 1.0841
.79 2.0839 1.5451 1.1818
.80 2.0977 1.5165 1.0804
